anarchism 1.390958 0.581732 0.649449 -0.084562 0.396940 -0.360932 -0.178120 0.759890 0.605583 -0.738538 
originated 0.335476 0.949044 0.389901 1.439202 -0.091687 -0.326502 0.485544 0.910190 0.835172 0.433555 
as 2.175499 2.619517 3.320018 1.643946 2.448585 1.358337 2.184782 2.348928 2.768209 1.649223 
a 1.471174 2.676981 3.945469 1.098120 3.452293 2.590178 2.955274 3.150579 3.265611 1.057503 
term 1.132548 1.907613 1.224003 1.981558 1.328823 -0.316027 0.481939 1.570640 1.164585 1.522094 
of 3.242752 2.622621 4.047503 2.114455 3.406649 2.850471 2.991162 3.422335 2.980637 0.067099 
abuse 1.100277 -0.199661 1.384157 0.045206 0.739629 -0.494208 0.944552 0.104636 0.664029 0.832053 
first 1.199048 1.692545 1.782915 1.863481 1.282403 2.596218 1.420182 1.457622 2.435209 2.323545 
used 1.596028 2.658056 1.535191 0.769089 2.035373 -0.365130 1.652154 2.411215 1.605861 2.418131 
against 1.736459 0.921253 2.526778 1.700960 0.544188 0.521608 2.124423 -0.366427 1.632230 1.462044 
early 1.242977 1.672424 0.401207 1.782722 -0.521785 1.126002 0.905519 1.391723 2.155162 2.379180 
working 0.723584 0.604579 0.988353 1.123192 0.461019 0.442388 0.817473 0.727687 1.233651 1.725728 
class 1.321731 1.079637 0.723525 1.175089 1.455819 0.318119 0.931210 0.867168 0.272101 1.084313 
radicals 0.297751 0.201231 0.457864 0.237284 0.429081 -0.169963 0.483551 0.575801 0.308631 0.055975 
including 2.398780 0.865746 0.607786 1.533248 0.898512 0.657196 1.284382 1.761338 1.501505 2.394538 
the 2.094808 2.860771 4.099982 1.860936 3.127119 3.210263 3.519498 3.702857 3.602875 -0.353113 
diggers 0.201344 0.240285 0.043474 0.129994 0.237915 0.511040 0.176200 0.031884 0.125643 0.183692 
english 2.699081 2.985264 0.325035 1.291144 0.630533 0.811336 -0.965407 1.401959 1.516436 2.095682 
revolution 1.907839 0.822863 0.572280 0.511133 -0.673288 0.923349 1.022481 0.348555 1.746327 1.465666 
and 3.191885 2.543703 3.485772 0.930337 2.448971 2.273040 3.255311 2.666561 3.233820 1.035774 
sans 0.022988 0.237845 0.148124 0.015297 0.252469 0.360138 0.180780 -0.038958 0.023037 0.002853 
culottes 0.109017 0.109238 0.179092 0.075435 0.107832 0.089694 0.083393 0.143226 0.095051 0.004714 
french 2.955783 2.562936 0.543987 1.363867 0.379783 1.216894 -0.518771 -0.161073 0.933498 1.488686 
whilst 0.159469 0.507029 0.544022 0.889384 0.314871 0.121257 0.601814 0.315902 0.450338 0.600826 
hello -0.187544 0.412570 -0.009508 0.689729 0.453948 0.860571 0.150841 1.123321 0.433527 0.491162 
is 1.357049 3.012439 2.930493 1.905962 3.409610 1.378674 2.489957 3.366066 2.109817 1.056519 
good -0.183757 0.920516 1.256030 1.661622 1.115113 0.164539 0.513787 0.757186 1.022130 1.989353 
morning -0.726343 0.535449 0.044598 0.562709 -0.161564 1.760883 0.754598 0.584567 0.944617 0.949962 
people 2.086964 1.114982 1.033140 2.758104 0.622925 0.270716 1.208202 0.793298 1.396868 2.487226 
everyone -0.550015 0.656175 1.039816 1.165898 0.800168 -0.173363 0.354142 0.166194 0.361737 0.852664 
welcome -0.223404 0.242796 0.683060 0.433214 0.432063 0.479323 0.455353 0.042606 0.349850 0.568753 
gentlemen 0.152170 -0.111708 0.175385 0.000815 0.159665 0.665615 0.565893 0.406233 0.304538 0.050380 
any 0.563915 1.220306 1.940561 2.248529 2.691094 -0.283085 1.328525 1.289046 0.815531 2.317228 
act 1.711618 0.189982 1.776957 1.420170 1.518597 0.700218 0.690819 -0.341340 0.374137 1.115323 
that 1.100285 2.143241 3.647958 2.662502 2.751576 0.508646 2.294415 1.838805 2.410270 2.165019 
violent 0.847854 0.401410 0.943024 0.404428 0.322436 -0.361233 0.939614 0.171258 0.825403 0.884354 
means 0.487498 1.717514 1.202060 1.527229 1.597850 -0.456015 0.468359 1.063704 0.626611 1.474973 
destroy -0.234219 0.204026 1.418977 0.648114 0.500702 -0.171297 1.094014 -0.298444 0.558047 0.676203 
organization 2.864439 -0.863291 1.181733 1.195167 1.322015 0.382204 0.211032 1.146469 0.653512 0.520870 
society 2.089835 -0.126424 1.138379 1.620615 0.834631 0.775378 -0.098063 1.455560 1.542109 1.070975 
it 0.809102 2.382065 2.595453 2.718334 2.317012 0.882769 2.498062 2.069155 2.069653 2.290873 
has 1.882678 1.426522 2.053778 2.098747 1.762980 0.944145 2.245605 2.136336 2.079215 2.104328 
also 2.216113 2.097142 1.923723 1.597993 2.008056 1.152043 1.671990 2.483851 2.116753 1.947194 
been 1.529475 1.561465 1.974649 2.458504 1.007794 0.300433 1.864061 1.299342 2.143422 2.711686 
taken -0.036400 1.030292 1.191777 1.941980 0.589360 0.271906 1.139274 0.429523 0.846567 1.461099 
up -0.104685 1.426071 1.248270 1.938341 1.130808 1.372112 2.479111 0.856011 1.256556 2.335979 
positive 0.567049 1.008996 1.037785 0.658837 2.425627 -0.486960 0.933641 0.297679 -0.697695 0.829181 
label -0.330076 0.294206 0.777251 0.227022 0.223146 0.666711 0.420576 0.920698 1.229323 1.100157 
by 2.554425 2.334611 3.335835 1.584198 2.372552 2.273230 2.117210 1.434348 2.723813 1.807111 
self 0.898463 0.493385 2.137589 1.083475 1.309097 -0.143267 0.504169 0.527053 1.123273 1.026600 
defined 0.507241 1.754134 0.758078 1.096394 2.477656 -0.234576 0.266456 1.079375 -0.446220 1.179353 
anarchists 1.271167 0.229328 0.415469 0.159623 0.062624 -0.378815 0.266813 0.238403 0.516276 0.142884 
word 0.465709 3.513277 0.523767 1.594278 1.269251 -0.524429 -0.563491 1.996980 1.212318 1.587416 
derived 0.695721 2.460533 0.182308 1.341120 0.891427 -0.907277 -0.379244 1.476340 0.495101 0.701270 
from 2.078532 2.354279 2.189620 2.179962 1.657146 1.801661 2.826235 2.229708 2.335810 1.359823 
greek 1.604242 2.926986 0.267221 1.902589 -0.263187 0.203615 -0.594153 1.576722 1.514355 0.162775 
without 0.117226 0.706245 1.815673 1.718121 1.603049 -0.094749 1.264995 0.709444 1.016437 2.017304 
archons 0.081870 0.080065 0.196252 0.068944 0.176916 0.119232 0.191111 0.232676 0.106557 -0.078958 
ruler 0.876571 1.156202 0.818800 1.089158 0.064775 1.208925 -0.192339 -0.087485 0.872858 -0.050629 
chief 1.993111 0.104920 2.231796 1.454969 1.288123 1.105904 0.148232 -0.946601 0.563839 0.245277 
king 1.141653 2.419056 1.737898 2.431375 0.148681 2.143936 -0.667415 -0.951259 1.376894 0.549361 
political 3.071337 0.222906 2.058759 1.936923 0.816570 -0.074300 1.112130 0.862262 1.594363 1.230188 
philosophy 1.817773 0.780994 1.401090 1.110390 0.656527 0.307193 -1.418754 2.034028 1.965731 0.497462 
belief 0.461505 0.754749 1.648932 2.056409 0.717494 -1.147495 -0.448228 1.237838 1.152901 0.312562 
rulers 1.962159 0.151126 0.279403 1.349603 -0.169336 0.251768 -0.263808 0.600282 0.656165 -0.065347 
are 2.223912 2.134422 1.661861 2.230598 2.494829 -0.238208 2.812050 2.807020 1.452469 2.362749 
unnecessary -0.154575 0.280706 0.749797 0.387801 0.407437 -0.479825 0.428002 0.345115 0.338674 0.254375 
should -0.085819 0.896226 1.815185 2.457322 1.613411 -0.657246 0.600650 0.479268 0.851247 2.028545 
be 0.599905 2.308735 2.714375 2.226377 2.800335 -0.044661 2.158000 1.784935 1.659315 2.546178 
abolished 1.015631 0.287938 0.585231 0.754914 0.108605 0.990759 0.779465 -0.576158 0.364854 0.494262 
although 1.290985 1.526640 1.095119 2.205862 0.903239 -0.046567 1.365374 1.147792 1.309350 2.422135 
there 1.191185 1.651641 1.036564 2.705623 1.757242 0.235826 1.674226 1.772431 1.139787 2.688846 
differing 0.538841 0.142406 0.293654 0.727916 0.321685 -0.570968 0.789835 0.817314 0.354513 0.454811 
interpretations 0.870753 0.329751 0.246043 0.759588 0.334297 -0.780461 0.181124 1.013659 0.511403 0.529834 
what -0.236691 1.583310 1.725483 3.082288 1.540990 -0.048355 0.187273 1.016715 1.349211 2.300063 
this 0.892181 2.225035 2.790665 2.396577 2.651413 0.885233 2.053136 2.383979 2.202614 2.111352 
refers 0.460077 1.562503 0.477824 1.399200 0.885484 -0.573264 -0.076364 1.273129 0.621797 0.955240 
related 1.789663 0.593364 0.465224 1.213538 1.455890 -0.611613 -0.102344 1.909498 0.769423 1.915003 
social 2.848396 -0.209359 2.111179 0.943483 1.121303 -0.530486 0.667136 1.419536 1.600040 1.132767 
movements 1.825042 0.179258 0.804681 1.058767 -0.183806 -0.751673 0.625136 0.676652 1.111449 0.721579 
advocate 0.516096 0.310779 1.079122 0.452530 0.442911 0.040494 -0.053284 0.237307 0.729076 0.411709 
elimination 0.287162 0.153722 0.541139 0.321158 0.658727 0.229071 0.556744 0.632271 0.259344 0.033638 
authoritarian 0.895506 0.121854 0.958120 0.602463 0.390680 -0.417511 0.532305 0.156789 0.365887 -0.106390 
institutions 2.160954 -1.026111 0.841446 0.904169 0.316375 -0.430954 0.795409 1.437650 0.983606 0.890173 
particularly 1.347961 0.947394 0.652036 1.643785 0.104963 -0.467142 1.322905 1.313670 1.243073 1.362875 
state 2.544572 0.302304 1.678631 2.726458 2.005554 1.582993 1.031442 1.497676 0.987326 0.206136 
anarchy 0.316261 0.247338 0.558298 0.218956 0.179999 0.229160 0.209037 0.326664 0.535992 -0.226100 
most 1.821970 1.639060 1.218105 1.969742 0.902229 -0.086331 1.779303 2.322082 2.108515 2.648657 
use 1.376260 1.465418 1.419783 0.993916 2.008623 -0.503882 1.340181 1.769451 1.240172 2.697434 
does -0.081324 1.181376 1.776610 2.374317 2.074064 -0.695951 0.565583 0.844743 0.671330 2.185049 
not 1.056371 1.906957 2.855769 2.756175 2.452769 -0.001294 1.730918 1.347588 1.747435 2.448407 
imply -0.667577 0.474272 1.281487 1.185945 1.130880 -0.714439 0.145091 -0.113407 0.003185 0.638109 
chaos 0.393057 0.497505 0.635245 -0.149190 0.893647 0.228689 0.169908 0.647607 0.429156 0.159020 
nihilism 0.054098 0.166151 0.419241 0.099073 0.314899 -0.112001 0.257384 0.319840 0.208601 -0.053447 
or 1.382485 2.448337 2.695081 1.454233 2.776868 0.407688 2.497225 2.263067 1.839912 1.918482 
anomie 0.062907 0.091859 0.081343 0.077070 0.043824 0.063961 0.050389 0.028647 0.092145 0.178615 
but 0.979577 2.033636 2.281554 2.559652 1.602440 0.432824 2.223117 1.240460 1.861797 2.500611 
rather 0.519291 1.333750 1.451895 1.754862 1.449335 -0.481612 0.946897 1.104098 0.949079 1.618950 
harmonious 0.075945 0.137358 0.273263 0.046989 0.264199 -0.007344 0.194749 0.227102 0.152912 -0.039785 
anti 2.983602 0.599696 1.768680 0.631444 0.233542 -0.666511 0.968319 0.171082 1.177117 0.487889 
place 0.196381 1.214246 0.839765 2.605384 0.733483 0.967149 1.190109 1.088089 1.080234 1.351541 
regarded 0.375744 1.206658 0.852495 1.422560 -0.084981 -0.747709 -0.042801 0.880855 1.138178 1.162039 
structures 0.968005 0.543708 -0.000725 0.341092 1.155880 -0.824441 0.768013 1.688484 0.249998 1.299270 
coercive 0.218056 0.085036 0.509550 0.182631 0.504070 -0.117270 0.337254 0.441782 0.176179 -0.048681 
economic 2.851509 -0.530486 1.615517 0.721927 0.883342 0.263391 2.142615 1.261909 1.446678 1.220650 
relations 3.560654 0.232172 0.822597 1.119133 0.492382 -0.474248 0.680260 0.617038 0.807889 0.871091 
based 1.427119 1.016636 1.145510 0.931865 1.654737 0.574871 0.421776 2.357053 1.694302 2.101261 
upon 0.093911 0.677210 1.799015 1.975926 0.683105 0.620566 1.085671 0.579196 1.455570 1.241276 
voluntary 0.587385 0.008962 0.919430 0.185513 0.775568 -0.144209 0.578593 0.734190 0.411147 0.061169 
association 2.493458 -0.613485 0.542959 0.346826 0.559612 1.129702 -0.042815 1.948661 1.449554 0.663345 
autonomous 1.304328 0.769181 0.403142 0.896292 0.394549 0.241122 0.458236 0.977971 0.371139 -0.488866 
individuals 1.186413 0.346986 0.927972 1.362954 0.841581 -1.046879 1.184985 0.210817 0.299048 1.796532 
mutual 0.734007 -0.157506 1.187650 0.235960 0.695711 -0.042825 0.930730 0.065976 0.354717 0.206194 
aid 1.799028 -0.616094 1.252856 0.368102 0.423947 0.487832 1.408159 -0.081187 0.856513 1.275904 
governance 0.828985 -0.136394 0.653783 0.210266 0.476762 0.029707 0.255968 0.686674 0.435041 -0.340914 
while 1.014823 1.595425 1.647682 2.017783 1.115495 0.686164 1.836939 1.132926 1.651866 2.072225 
easily -0.346050 0.872087 1.039225 1.004838 0.884654 -0.806212 1.228498 0.349677 0.397522 1.688405 
offer 0.308532 -0.115300 1.205651 0.667248 0.674605 -0.269148 0.719911 0.400920 0.715495 1.337873 
visions 0.206029 0.205253 0.745858 0.305577 0.159998 0.661261 0.491793 -0.147718 0.590211 0.311926 
they 0.551335 1.784782 2.257499 2.796326 1.410331 -0.082676 2.401944 0.837276 1.638079 2.813614 
believe 0.568323 1.097868 1.468117 3.151493 0.475499 -1.248516 -0.443444 0.056639 0.789885 1.223281 
truly -0.431694 0.572705 1.149702 1.070272 0.612644 -0.344052 0.248292 0.359797 0.496329 0.496764 
free 1.614866 0.123089 1.342194 1.572341 1.969259 0.499969 0.094369 1.667654 1.110345 1.721445 
however 1.207258 1.504177 1.762693 2.309845 1.298593 0.225440 1.721126 1.086132 1.587486 2.468114 
ideas 0.871445 0.617580 1.229172 1.363491 0.270479 -0.596013 -0.009649 1.011151 1.539656 1.495169 
about 0.724762 0.894896 0.796830 2.500345 1.515226 1.276367 1.190129 1.314963 1.218597 2.768208 
how -0.418508 0.724245 1.410747 1.947242 1.487480 -0.234418 0.069749 1.004909 1.100549 2.493006 
an 1.273430 2.244020 3.078844 1.488175 2.908180 1.542964 1.930296 2.266279 2.254779 1.655434 
anarchist 1.278236 0.365745 0.889679 0.132814 0.243880 0.113657 -0.056434 0.351534 0.717143 -0.415736 
might -0.180921 1.165466 1.390144 1.866726 1.212600 -0.701323 0.425977 0.533346 0.845440 2.223800 
work 0.706317 1.054438 1.837528 1.400697 1.009715 0.741136 0.412351 1.207430 2.179356 2.478606 
vary 0.348830 0.499704 -0.066361 1.211115 0.472229 -0.604174 1.515531 0.956117 0.161181 1.294713 
considerably -0.006568 0.166615 -0.001270 0.956592 0.252351 -0.522204 1.780704 0.728428 0.227925 1.330378 
especially 1.568300 1.169628 0.585240 1.668904 0.052626 -0.310729 1.514004 1.561922 1.424993 1.560908 
with 1.960169 2.491412 2.872900 1.436278 2.306276 1.802620 3.058619 2.060010 2.498239 1.839271 
respect 0.101036 0.534347 1.358380 0.975848 1.127233 -0.288092 0.745124 0.383392 0.497426 0.848854 
economics 2.067583 -0.332880 1.281282 -0.217002 0.486655 0.424150 -0.172039 1.807559 1.681652 -0.185700 
disagreement -0.187183 0.278147 0.332610 0.859046 0.435220 -0.236401 0.805092 0.816397 0.309725 0.629572 
brought 0.392204 0.836513 1.109864 1.828836 -0.121589 0.559100 1.692118 0.117761 1.137024 1.169189 
origins 0.871279 0.756753 0.160117 1.252876 0.084261 -0.022356 0.087694 1.166710 0.983366 1.154393 
predecessors 0.070818 0.028769 0.833523 0.724544 -0.336599 -0.110408 0.460972 -0.123235 0.864296 0.699453 
kropotkin 0.214906 0.245742 0.356756 -0.016135 0.219414 0.439593 -0.075196 -0.045043 0.244675 -0.080460 
others 0.979631 1.179252 1.252999 2.033160 0.623083 -0.510547 0.497087 0.478303 1.196351 2.299723 
argue 0.614216 0.162343 1.433135 1.678774 0.307336 -1.511014 0.094402 0.312741 0.844061 1.086164 
before 0.157686 1.442744 1.268212 2.452094 0.502214 1.498090 1.789519 0.338916 1.465606 2.129896 
recorded -0.222371 1.043350 0.010551 0.850532 -0.356572 0.980429 0.426297 1.252333 1.475431 1.840596 
history 2.678974 1.223361 0.434046 2.164313 0.396128 1.338389 0.143455 2.391761 2.111116 1.599841 
human 1.527209 0.156744 2.049999 1.295829 1.995824 -0.255191 0.876249 1.681901 1.258858 1.325540 
was 1.817238 2.353693 3.529078 1.871158 1.443807 2.745070 2.260606 1.118097 3.220863 1.665061 
organized 1.212851 0.354957 0.811943 0.927533 0.361448 0.202167 1.011060 0.622414 0.679324 0.627537 
on 1.442275 1.527751 2.691889 1.952788 2.381740 2.746729 2.656265 2.667385 2.678443 1.911003 
principles 1.289555 0.516283 1.403610 0.987507 1.187589 -0.412378 -0.228160 0.853595 0.753708 0.745926 
anthropologists 0.745723 0.130887 0.257277 0.467526 -0.037856 -0.402031 0.452386 0.640058 0.639469 0.612144 
follow -0.260745 0.791373 1.035456 1.539700 0.840445 -0.268909 0.609208 0.252028 0.549047 1.442979 
engels 0.755933 0.245780 0.600972 -0.104583 0.144673 0.664154 0.154983 -0.305740 0.402218 -0.299053 
believing -0.317234 0.336106 1.351392 1.020084 0.343159 -0.568016 0.323102 -0.078541 0.533503 0.286439 
hunter 0.467099 0.355592 0.465456 0.176422 0.044939 1.105515 0.195805 0.090565 0.670593 0.252153 
gatherer 0.235225 0.132941 0.295223 0.096770 0.109421 0.321926 0.215545 0.209757 0.348608 -0.224803 
bands 0.421333 0.687928 -0.110315 -0.096611 -0.229126 0.023596 0.922091 1.624404 1.353225 1.209345 
were 2.097016 1.945851 2.164534 2.289479 0.651411 0.690355 2.737946 1.012283 2.457016 2.600631 
egalitarian 0.279896 0.133299 0.406040 0.197741 0.188127 -0.114099 0.349552 0.429521 0.325380 -0.083690 
lacked 0.114991 0.108401 0.847874 0.496614 0.300889 -0.376265 0.559081 0.375298 0.563479 0.390472 
division 0.880861 0.645600 0.168803 0.895872 0.763019 1.437525 1.437732 1.161232 0.522414 0.715723 
labour 2.030385 -0.465618 1.454171 1.289517 1.044071 1.041917 1.253344 0.106036 0.356039 0.037557 
accumulated 0.103891 0.105279 0.425468 0.549877 0.055770 0.071851 0.713859 0.278149 0.447092 0.355675 
wealth 0.537414 -0.021979 0.909904 0.691107 0.531718 0.133750 1.166513 0.424463 0.628878 0.710791 
decreed 0.099921 0.256383 0.474891 0.368920 0.250199 0.376456 0.199755 0.003412 0.224945 0.315661 
law 2.473699 0.623714 2.311610 1.914723 2.188153 0.163265 0.052863 0.683283 0.775796 0.750023 
had 1.308372 1.548314 2.414754 2.474920 0.646243 1.468051 2.000759 0.368304 2.361932 2.215862 
equal 0.278137 0.943606 0.581040 1.126272 1.941859 -0.075782 1.574553 0.265707 -0.669283 1.254744 
access 0.431242 -0.500476 0.770639 0.287221 1.939033 0.026462 0.883155 1.683658 0.434569 2.015935 
resources 1.604890 -0.536937 0.024043 0.446681 1.454877 0.064968 0.978256 1.718414 0.233966 1.766772 
william 1.185750 1.740492 1.075795 1.049664 0.329279 2.208441 -1.607548 -0.917618 1.168351 1.154606 
godwin 0.563639 0.104731 0.931486 0.288247 0.367462 0.625282 -0.241429 -0.129201 0.491433 -0.109711 
organisation 1.629236 -0.025314 0.837271 0.714242 0.819553 0.451565 0.538278 0.837784 0.431418 -0.253364 
rothbard 0.563671 0.348431 0.496492 -0.168895 0.552910 0.773768 0.039598 -0.013133 0.211618 -0.314663 
find -0.720483 1.018546 1.252214 1.644145 1.144810 -0.317594 0.531526 0.455615 0.651682 2.056746 
attitudes 0.525337 0.056953 0.805567 0.597775 0.030689 -0.551065 0.926049 0.397880 0.690130 0.244848 
taoism 0.678059 0.238244 0.218669 0.067015 0.197986 0.008411 0.198316 0.605106 0.333003 -0.392916 
ancient 1.702060 1.981974 0.050354 2.509729 -0.828269 0.043181 -0.070961 1.842270 1.687414 0.173830 
china 2.800408 1.427525 0.163207 1.955431 -0.246764 0.819527 1.063904 0.850258 0.821993 0.105926 
found 0.769147 1.685749 0.728936 2.099116 0.878490 -0.058727 1.105811 1.505007 1.008305 1.627265 
similar 0.767390 1.830047 0.913632 1.231683 1.199051 -0.559763 1.027322 1.663965 1.134771 2.015883 
stoic 0.495600 0.263897 0.131609 0.174285 -0.055361 0.648328 0.083404 0.175723 0.360354 -0.092138 
zeno 0.178628 0.299234 0.158756 0.145053 0.205314 0.631795 0.137085 -0.061894 0.153950 0.041414 
citium 0.159567 0.044567 0.061233 0.070300 0.065543 0.144641 0.069589 0.124957 0.087719 0.162205 
according 1.264655 1.034347 0.892081 2.245110 0.936044 0.643513 -0.123435 0.964568 1.079245 1.490636 
repudiated 0.036910 0.221013 0.345866 0.287106 0.098562 0.488945 0.304116 0.058952 0.413102 0.170591 
omnipotence 0.190149 0.116803 0.266013 0.252177 0.164431 0.040483 0.114670 0.225432 0.202060 -0.043061 
its 1.783522 1.397076 2.000645 2.203325 1.892117 1.222969 2.610435 2.401022 1.935083 1.605487 
intervention 1.231301 -0.001233 1.243171 0.633015 0.533003 -0.051323 0.683897 0.062431 0.627186 0.350400 
regimentation 0.209810 0.049492 0.232084 0.171733 0.115759 0.045642 0.201896 0.128916 0.164083 0.026115 
proclaimed 0.883169 0.750966 1.140468 1.330075 0.146558 1.005644 -0.016226 -0.779321 0.753496 0.197945 
sovereignty 1.131581 0.243567 0.945017 1.167218 0.549766 0.296951 0.895524 -0.001201 0.371588 0.200568 
moral 0.984899 0.295261 2.019703 0.967150 1.328917 -0.897815 -0.348993 0.430221 0.699525 0.492074 
individual 0.732864 0.319170 1.353062 1.468634 1.484627 -0.363265 0.924797 1.071537 0.661478 1.392631 
anabaptists 0.366368 0.236043 0.229479 0.332332 0.087950 0.146012 0.377736 0.409354 0.422124 -0.091904 
one 3.063199 2.830894 1.449290 1.265762 2.278357 4.883684 1.721991 0.538118 1.872786 3.123751 
six 2.745884 2.459904 0.627848 1.378214 1.684615 4.185028 1.348559 0.192941 1.298602 3.353076 
th 1.549673 2.291066 -0.633914 2.437657 -0.483651 2.405572 0.864182 0.712833 1.210070 1.852345 
century 1.074723 2.698837 -0.457150 2.225723 -1.328315 1.405715 0.914317 1.060230 1.939237 1.796254 
europe 2.250591 1.181132 0.030529 2.674305 -0.349843 0.634251 1.968623 1.520903 1.098569 0.580310 
sometimes 0.661849 2.260927 0.910115 1.579932 1.094480 -0.711985 0.805549 1.478625 1.003774 1.786416 
considered 0.870245 1.708504 1.346091 2.005009 0.836641 -0.630576 0.576970 1.224335 1.270435 1.714644 
religious 2.341009 0.522712 1.635565 2.098934 0.351874 -1.001824 0.043692 1.074037 1.431161 0.891102 
forerunners 0.258562 0.122160 0.262546 0.188122 0.090407 0.114817 0.205826 0.329621 0.272214 -0.242574 
modern 1.862778 1.908780 0.610678 1.695745 0.501562 -0.155818 0.484782 2.251956 1.773377 1.685266 
bertrand 0.580922 0.249843 0.512193 -0.309899 0.243117 1.300789 -0.149372 -0.346357 0.406323 0.004896 
russell 0.505650 0.747004 0.989676 0.264639 0.327518 1.256152 -0.943246 -0.216347 0.987867 0.721396 
his 0.581183 1.765761 4.027750 2.106969 0.577065 2.120446 1.418319 0.627720 3.853170 1.858870 
western 2.150107 1.439528 -0.000511 2.509470 -0.378355 0.253574 1.482794 2.070632 1.184932 0.095859 
writes -0.317461 0.583465 0.799342 0.798009 0.257679 0.378481 -0.258547 0.170336 0.774333 0.626176 
all 1.540053 1.462458 1.528688 2.465265 2.002907 0.529412 1.656203 1.428592 1.258776 2.698395 
since 1.388295 1.409187 0.858260 2.287312 1.096518 0.945198 1.543760 0.946731 1.112482 2.508852 
held 0.892646 0.017279 0.842035 2.657357 0.823385 1.617259 1.448793 0.422496 0.688701 1.560957 
good -0.183757 0.920516 1.256030 1.661622 1.115113 0.164539 0.513787 0.757186 1.022130 1.989353 
man -0.046719 1.739841 1.524254 1.781948 0.973089 1.413592 0.254401 0.700146 1.548938 1.654317 
will -0.364088 1.133515 1.943418 2.264957 2.173510 0.335347 1.893897 0.756620 0.972035 2.668112 
guided 0.872449 -0.126131 0.972788 -0.437963 0.857102 0.233966 1.432697 -0.478585 -0.148553 -0.247182 
at 1.002897 1.235347 1.824798 2.220215 1.930636 2.990970 2.450215 2.122954 2.114518 1.822238 
every -0.276642 1.053982 0.446780 2.323791 2.167105 1.042169 1.056341 1.193966 0.191344 2.023207 
moment -0.926816 0.822562 0.649831 1.015565 0.764293 0.629616 0.745344 0.928401 0.483964 0.270559 
holy 0.535043 2.237225 0.802620 2.576473 0.245252 1.095825 -0.207790 -0.112131 0.394617 -0.901542 
spirit 0.169826 1.511188 1.512626 1.923875 0.895386 0.462099 -0.089788 0.185111 0.593089 -0.416993 
premise -0.207917 0.609877 0.737200 0.360570 0.833421 0.152923 -0.090248 0.459833 0.234684 0.137089 
arrive -0.303254 0.022910 0.574428 0.711289 0.120070 0.648109 1.061248 0.166088 0.528524 0.691620 
communism 1.876671 0.330126 1.424710 0.805015 -0.030763 -0.504325 0.532919 -0.056631 0.904731 -0.455745 
true -0.196091 1.746613 1.389594 2.009465 1.604479 -0.343726 -0.139950 0.677671 0.523426 1.350478 
levellers 0.061068 0.118318 0.098722 0.186948 0.112301 0.242269 0.080933 0.061499 0.112152 -0.019138 
communistic 0.021945 0.129114 0.024146 0.122997 0.024375 -0.006548 0.094979 0.128785 0.076330 0.018550 
movement 1.915343 0.793330 1.576442 1.548203 0.427286 0.364285 0.863375 0.966496 1.533075 0.588233 
during 1.501516 1.657853 1.302018 1.991355 -0.310388 1.851849 2.935168 0.448108 2.077232 2.005715 
time 0.420607 1.589428 1.467897 2.200549 1.521929 1.555269 1.966140 1.429338 1.764109 2.629452 
civil 3.199841 0.775096 1.636852 1.017105 0.430519 0.435427 0.821375 -0.345486 1.132135 1.354728 
war 2.701937 1.801061 1.704179 1.843829 -0.642680 1.372067 2.585338 -0.326850 1.871004 1.203342 
some 1.863952 1.543579 1.638535 2.198417 1.425000 -0.363860 1.647106 1.898989 1.788830 2.617607 
era 1.141447 1.407434 0.148389 1.224557 -0.959517 0.491790 0.737452 0.904998 1.735001 1.160439 
mean -0.673852 1.672971 0.305984 1.333325 2.234008 -0.185834 0.298200 0.993443 -0.573560 1.346599 
something -0.957754 1.397063 1.232177 1.740773 1.051659 -0.623057 0.042457 0.317783 0.613287 1.800893 
other 2.523850 1.690125 1.473439 1.875519 1.796388 -0.129179 1.867787 2.419588 1.663678 2.361805 
than 0.791671 1.644160 0.837954 2.241472 1.676029 0.097562 2.616820 1.448214 0.833432 3.080263 
louis 1.113912 1.764503 0.430054 1.450801 -0.297113 2.168461 -0.857939 -0.820470 0.844368 0.090929 
armand 0.435204 0.311781 0.095124 -0.128227 0.177329 0.878526 0.035435 -0.319131 0.158028 0.443001 
baron 0.547213 1.234282 -0.006551 0.541342 -0.009112 1.827217 -1.017108 -0.282257 0.487886 0.020055 
de 1.709257 2.406539 0.369789 1.905887 1.290696 2.394037 -2.112569 0.089008 0.285709 0.435701 
lahontan 0.068164 0.053965 0.075995 0.062183 0.055300 0.092347 0.041305 0.023123 0.024345 0.113796 
nouveaux 0.153263 0.157755 -0.090517 0.026560 0.062745 0.340769 0.181164 0.041141 -0.016531 0.307721 
voyages 0.305168 0.199270 0.527575 0.209156 0.222032 0.710980 0.413173 0.194727 0.432818 -0.091323 
dans 0.085113 0.588488 0.084349 0.143755 0.419569 0.478640 -0.449154 -0.029951 -0.012807 -0.018530 
l 0.856197 2.628275 0.106356 1.372501 2.133010 1.710996 -1.295208 0.173690 -0.394130 1.208225 
am -0.900873 0.321667 -0.379912 0.898906 1.392719 1.976830 0.130684 0.700617 -0.184516 2.046614 
rique 0.087850 0.049439 0.147276 0.060309 0.129060 0.116701 0.094579 0.056233 0.088203 0.137561 
septentrionale 0.051907 0.055970 -0.014366 0.039806 0.011246 0.073096 0.104616 0.029322 0.096810 0.040175 
seven 2.824742 2.409263 0.547240 1.239182 1.382281 4.128562 1.146903 0.004853 1.298470 3.243686 
zero 2.895196 1.851702 0.348341 1.426325 2.200753 4.061051 2.227804 0.796821 1.029270 3.886641 
three 2.665777 2.436115 0.519503 1.389361 2.011798 3.875520 1.821868 0.444666 0.996101 3.317708 
where 0.698838 1.962233 1.089965 2.560256 1.726070 1.307968 1.377853 1.443637 0.952257 1.515545 
he 0.676359 1.666167 3.580980 2.684448 0.803162 2.147865 1.570358 0.410865 3.342952 2.435109 
described 0.396745 1.605365 1.100419 1.434343 0.866544 -0.009656 0.047743 1.010974 1.053205 1.469652 
indigenous 2.098033 0.500178 -0.674154 1.355265 -0.389503 -0.714681 0.664672 0.860785 0.348311 0.687950 
american 3.433738 1.809574 0.910930 -0.004854 0.110706 2.273940 0.068118 0.341881 2.188237 2.727583 
which 1.386062 2.201192 2.508506 2.067126 2.356817 1.039840 2.525321 2.142975 2.079980 2.031258 
no 0.143774 1.185472 1.417464 2.440765 2.145570 0.345009 0.778264 1.070634 0.849791 3.047212 
laws 1.793887 0.128947 1.913740 1.377535 1.550956 -0.570252 0.414412 0.155248 0.491636 0.940878 
prisons 0.526025 0.050052 0.405129 0.231231 0.157581 -0.089394 0.398755 0.193944 0.315930 -0.057273 
priests 0.947790 0.428849 0.863697 1.188640 -0.106305 -0.084311 0.594173 -0.175950 0.502357 -0.155461 
private 1.669997 -0.841886 1.422299 0.744979 0.929091 0.345621 1.210848 1.079642 1.146702 1.359223 
property 1.395953 0.120358 2.052171 1.196142 1.934053 -0.455288 0.392727 0.336628 0.354724 0.935709 
being 0.758229 1.619314 1.668750 2.279225 1.332612 0.178936 1.661808 1.167317 1.515383 2.094039 
libertarian 1.140994 0.062450 1.406564 0.648919 0.522658 -0.574089 0.019386 0.201935 0.434966 -0.970474 
leader 2.017110 0.757579 1.580923 1.497449 0.418120 0.964857 0.184271 -0.835599 0.888648 0.840652 
indian 2.585872 1.407858 -0.146438 0.783186 -0.341696 0.995213 0.859858 1.037857 0.981923 0.375716 
repeatedly -0.145744 0.389440 1.035585 0.875580 0.061906 0.031140 0.629943 0.035390 0.766827 0.584846 
stated 0.122657 0.677220 1.474070 1.546409 0.640515 0.292398 0.083094 0.125884 0.789813 1.158769 
so 0.018496 1.822425 1.655482 2.325962 1.747719 0.172869 1.673070 0.957288 1.069807 2.485553 
ancestors 0.393065 0.192497 0.748311 1.166790 -0.164038 -0.458326 0.644659 0.386505 0.727557 0.364406 
nine 3.249506 1.994185 1.124694 0.744447 1.407766 5.017219 1.514537 0.053666 1.884494 3.283173 
thick -0.118947 0.595400 0.305174 -0.112514 1.040288 0.524436 0.977946 0.468827 -0.062689 0.438272 
published 0.561404 0.980051 0.610283 0.899552 0.123200 1.823328 -0.755470 1.129474 1.996681 2.441497 
enquiry 0.138810 0.192971 0.525219 0.140111 0.416560 0.159255 0.196525 0.418803 0.352467 -0.198592 
concerning 0.845523 0.312713 1.089317 0.905063 0.764389 0.063343 0.003748 0.484437 0.636876 0.717712 
justice 2.074074 -0.288240 1.945842 0.971723 1.740795 0.973370 0.087801 -0.392293 0.178482 0.305317 
did 0.187157 0.985403 1.833033 2.601838 0.691463 0.288792 0.991017 -0.010200 1.474996 2.362863 
many 2.070729 1.376218 1.288453 2.232232 0.775646 -0.375481 1.632813 2.056896 2.053802 2.686021 
later 0.924830 1.639612 1.297282 2.245186 0.075316 1.423543 0.970800 0.560378 2.092395 2.433826 
have 1.508359 1.575795 1.942450 2.557925 1.545059 0.016084 2.292164 1.526982 1.825793 2.959631 
book 0.319204 1.736279 0.772217 1.735892 0.670263 1.579731 -1.091256 1.837174 1.953476 1.685259 
major 1.926221 0.665447 0.265949 1.321916 0.714184 1.197519 1.739976 2.037950 1.398210 1.922373 
text 0.164322 1.636083 -0.046859 0.961551 1.474064 0.913446 -0.678346 2.364481 0.921632 1.775338 
founder 1.020599 0.840072 0.832548 0.653772 0.438906 1.335409 -0.850468 0.206383 0.990245 0.510621 
philosophical 1.199617 0.255322 1.319691 0.489270 0.361481 -0.123986 -0.520018 1.117568 1.508436 0.749539 
point -0.056127 1.835904 0.412721 1.936648 1.796653 0.931125 1.785336 1.568304 0.139478 1.127030 
yet -0.145042 0.880156 0.953541 1.944672 0.537152 -0.389889 0.478095 0.625076 0.908007 1.876441 
existed 0.193647 0.684632 0.194074 1.762950 -0.005686 -0.138720 0.639891 0.482812 0.549421 1.220733 
anarchiste 0.041050 0.022101 -0.021490 -0.001913 0.064685 0.053020 -0.011680 0.017699 0.017494 0.113693 
known 1.408514 2.163861 1.120751 1.901874 1.138159 0.731177 0.995127 1.860671 1.612611 1.618339 
mainly 1.316737 0.871437 0.277201 1.327640 -0.104430 -0.228334 1.222902 0.995440 0.895367 1.027193 
insult -0.087042 0.195717 0.803166 0.052112 0.474066 -0.101797 0.295473 0.327321 0.422750 0.117117 
hurled -0.052075 0.096103 0.296097 0.201497 0.159500 0.237542 0.287068 0.132097 0.190682 0.041647 
bourgeois 0.357235 0.165161 0.526697 0.227965 0.345573 0.020255 0.302734 0.520232 0.408058 -0.154646 
girondins -0.005936 0.108216 0.101530 0.095498 0.079066 0.085770 0.101418 0.191761 0.076463 -0.030695 
more 1.020062 1.491621 1.558891 1.982064 1.570864 -0.186384 2.177711 2.025569 1.766713 3.166668 
radical 0.986152 0.639887 0.869891 0.955268 0.458463 -0.322830 0.340091 0.438058 0.633536 0.413087 
elements 0.780805 1.858918 -0.009348 0.680579 1.533909 -0.599167 0.288008 1.656364 0.188989 1.686299 
labelled 0.251159 0.473404 0.544390 0.477830 0.505316 -0.285607 0.387064 0.414262 0.243242 0.380447 
pierre 1.409986 1.437068 0.360641 0.444949 0.360406 0.947747 -1.331032 -1.229658 0.125129 0.456280 
joseph 1.008257 1.360926 1.066347 1.079535 0.275201 1.570730 -1.332954 -0.816533 0.928814 0.847795 
proudhon 0.476557 0.423659 0.586550 0.199312 0.443439 0.560462 -0.276688 0.025058 0.303458 -0.264475 
commonly 0.770882 2.020895 0.295674 1.205255 0.790746 -0.745910 0.451451 1.486555 0.658880 1.475568 
wasn -1.239296 1.339070 0.645776 1.399785 0.628568 0.357013 0.027885 -0.613626 0.028752 1.267718 
t -0.854474 2.421309 1.047829 2.078985 2.374577 0.804261 -0.488405 -0.267598 -0.002742 2.765844 
until 0.540271 1.249908 0.618108 2.580541 -0.014226 1.497607 1.785087 -0.284393 1.018906 2.322077 
eight 2.922558 2.400584 0.731633 1.228952 1.493005 4.317722 1.273832 0.095916 1.389641 3.267215 
four 2.677939 2.399622 0.556111 1.363777 1.829285 4.141859 1.751768 0.220560 1.154992 3.559689 
adopted 1.275551 0.960538 1.070257 1.751499 0.436253 0.572443 0.186969 0.348479 1.013966 1.111400 
description 0.154362 0.651796 0.434124 0.813665 1.149756 0.230484 -0.354332 1.246026 0.457809 0.985628 
for 1.996322 1.449918 3.219555 1.260411 2.818315 1.784084 2.152571 2.508744 2.728523 2.458426 
reason -0.099689 0.835782 1.312275 1.710014 1.097539 -0.445467 0.041169 0.707896 0.844685 1.424740 
claim 0.678758 0.623194 1.406298 2.079325 0.440877 -0.732563 0.249015 0.219103 0.847578 1.286555 
theory 1.290097 1.017836 2.109034 0.366092 2.641639 -0.022938 -0.619022 2.038050 1.346048 1.412297 
answers -0.337428 0.015023 0.931437 0.672507 0.848120 -0.004875 0.097987 0.533568 0.447488 0.826953 
famous 0.764409 1.404462 0.647888 1.341336 -0.132026 0.810090 -0.201189 1.204226 1.861670 1.471072 
accusation 0.008689 0.145841 0.793319 0.238260 0.397913 -0.046388 0.267787 0.277759 0.469127 -0.054381 
theft 0.242483 0.416455 0.697004 -0.048853 0.376969 1.119134 -0.019701 0.288176 0.567280 -0.339037 
opposed 1.090676 0.586882 1.467942 1.250744 0.300063 -0.442515 0.442953 0.001135 0.903689 0.780273 
institution 0.964813 -0.060717 0.826532 0.506743 0.552882 0.820980 0.191298 1.149206 0.795533 0.087090 
propri 0.036792 0.180076 0.041062 0.099802 0.142015 0.021718 0.004495 -0.059253 0.033185 0.190033 
owners 0.723871 -0.241630 0.891308 0.482242 0.088672 0.032120 0.440576 0.489911 0.814248 0.616032 
complete 0.100696 0.881220 0.771481 1.050913 1.514003 0.618653 0.072932 1.288750 0.726931 1.763802 
rights 2.835105 -0.379864 2.198601 1.017069 1.534267 -0.428173 0.397917 -0.066155 0.833965 1.442059 
their 1.320299 1.263341 2.592175 2.235357 1.257072 0.377070 2.663056 1.601472 2.384268 2.320714 
wish -0.414572 0.498481 1.509971 1.383144 0.633178 -0.604123 0.189012 -0.625806 0.370975 1.304144 
such 2.044456 1.822372 1.739079 1.236062 1.997773 -0.234139 1.592793 2.150796 1.638821 2.508683 
exploiting 0.219563 0.074287 0.419859 0.119501 0.255515 0.020673 0.328123 0.405537 0.320283 -0.016471 
workers 1.682417 -0.201780 0.850286 0.848426 0.231738 0.131112 1.249532 0.145136 0.569995 0.784422 
profit 1.184154 -0.368801 1.105187 0.209871 1.443101 -0.183837 0.736993 0.819912 0.138583 0.751707 
supported 1.337031 0.461452 1.460556 1.287998 0.562383 0.043211 0.401040 0.397687 1.059870 1.106481 
called 0.919129 2.494043 1.385170 1.652014 1.956332 0.706924 1.029749 1.900343 1.242507 1.501499 
possession -0.148717 0.594516 1.075506 0.887806 0.530629 0.502360 0.974743 0.256958 0.701285 0.428634 
can 0.204716 1.946791 1.917532 1.617441 2.858929 -0.579092 2.111293 1.753072 0.914636 2.898975 
limited 1.094974 0.112990 0.762280 0.867615 1.043093 -0.156923 1.375311 1.048149 0.542559 1.831431 
capital 2.154857 0.760942 0.332685 2.118263 1.016819 0.984163 1.287340 0.934657 0.197066 0.263062 
goods 1.440571 -0.861080 0.772125 -0.402037 0.917459 -0.342770 2.274713 0.720251 0.346426 1.389546 
accordance 0.459762 0.297572 0.958623 0.301612 0.406375 -0.147264 0.644402 0.318725 0.585397 0.261847 
equality 0.872181 0.109384 1.084783 0.310590 1.093581 -0.324389 0.521164 0.257368 0.198532 0.253888 
s 2.034866 1.991708 3.368082 1.629123 2.203296 3.322179 1.509903 1.570840 2.995810 1.689364 
vision -0.271981 0.614730 0.756976 -0.033973 0.659242 0.477349 0.076809 1.091691 1.098120 0.975379 
mutualism 0.038916 0.140170 0.215168 0.104840 0.200646 0.048070 0.158755 0.223353 0.089019 0.054000 
mutuellisme 0.131972 0.166003 0.058797 0.053892 0.108483 0.124910 0.129491 0.029893 0.013563 0.030856 
involved 1.033111 0.444760 1.228922 1.217948 0.243461 -0.231286 0.996080 0.582763 1.172576 1.304708 
exchange 1.355111 -0.944827 0.409516 0.332303 1.556602 0.964845 2.016710 1.040778 0.044207 1.271175 
economy 2.913171 -0.360013 0.730624 0.665924 0.246045 0.125611 1.656389 1.601681 1.345131 0.870859 
groups 2.560732 1.398434 0.146037 1.465968 0.779220 -0.982875 0.874408 1.241162 0.447116 1.729635 
could -0.044762 1.255134 1.946599 1.899122 1.602852 -0.279498 1.610458 0.492893 1.145729 2.662894 
trade 2.647925 -0.541424 0.854655 1.370983 0.704800 0.555828 2.010534 1.249223 0.794044 0.616004 
products 2.098321 0.036153 0.336711 -1.132378 1.007272 -0.544208 2.015020 1.198644 0.543044 1.777290 
labor 2.141568 -0.281181 1.375826 0.519353 1.269698 0.473604 1.631967 -0.337310 0.068286 0.972984 
using 0.580705 1.775951 1.222420 0.238695 2.093984 -0.211531 0.953989 1.731825 1.016927 2.465576 
notes 0.541071 0.746956 0.153006 0.939093 0.988357 0.914207 -0.100552 1.282191 0.690891 1.552486 
represented 0.816859 1.179335 0.673552 1.255198 1.214485 -0.156551 0.329711 0.630619 -0.061851 0.696183 
amount -0.175260 -0.051933 0.869926 0.926314 1.605075 -0.111836 2.419775 0.992895 0.175018 1.613707 
production 1.498792 0.196829 0.738126 -0.542221 1.008652 0.794405 2.373741 1.096727 1.139194 2.517688 
would 0.326578 1.387319 2.398602 2.501552 1.409137 0.445270 1.912752 0.512417 1.705567 2.590399 
ensure -0.159735 -0.068676 1.627418 0.775247 0.944960 -0.624969 0.982134 0.174387 0.470904 0.727086 
freely 0.001526 0.059942 0.829471 0.704014 0.644538 -0.435898 0.817549 0.733378 0.552555 1.016136 
join 0.397292 0.361419 1.435915 1.345945 0.345786 0.283916 1.162040 -0.395327 0.666481 0.529356 
together 0.291370 1.401203 0.692579 1.569475 0.783010 0.008921 1.216781 0.419548 0.661615 2.065979 
co 0.878672 0.664417 0.417162 0.426261 1.551245 1.531941 -0.525874 0.978716 0.573378 1.712991 
operative 0.296055 0.394921 0.296885 0.001115 0.468659 0.757056 0.013973 0.324725 0.379655 0.253382 
workshops 0.317659 0.099244 0.270782 0.084823 0.204095 0.051917 0.351470 0.305589 0.263441 -0.047766 
interest 0.705738 -0.179275 1.227036 1.119982 0.500560 0.065581 1.254520 1.005577 1.401038 1.624804 
bank 2.237080 -0.014972 0.586013 0.760961 0.458894 1.269556 1.514522 1.196360 0.751153 -0.241660 
set 0.096766 1.873056 1.173486 1.005505 2.580488 0.684238 0.632473 1.473231 0.594222 1.966307 
provide 0.704842 -0.435899 1.565865 0.749808 1.616063 -0.489126 1.159417 1.051901 0.786350 1.996261 
everyone -0.550015 0.656175 1.039816 1.165898 0.800168 -0.173363 0.354142 0.166194 0.361737 0.852664 
influential 0.914617 0.648429 0.348903 0.734679 -0.833253 0.038161 0.007224 0.837924 1.770466 1.367616 
within 1.304081 0.973143 0.789888 2.589411 1.209603 0.360072 1.730309 1.740608 0.847650 1.288354 
followers 0.555592 0.405949 1.222713 1.496250 -0.431058 -0.231026 0.177479 -0.211921 1.122111 0.485277 
active 1.076165 0.284664 0.793083 1.189798 0.618909 0.141407 0.971912 1.169762 0.797503 0.997968 
france 2.365883 1.957030 0.567729 2.538736 0.080755 1.403203 0.615046 -0.444142 0.475885 0.412188 
complex 0.385623 1.483482 0.495982 0.547943 2.073474 -0.672093 0.729266 1.642273 0.053140 1.619586 
developed 1.452455 1.147158 0.984546 0.785577 0.501307 0.021445 0.774216 1.575776 1.727116 2.004829 
number 1.195263 1.407736 0.421608 1.567675 1.957418 0.135998 1.664827 1.452991 0.432789 2.811358 
works 0.884266 1.115253 0.548691 1.165743 0.142699 0.347803 -0.919479 1.492699 1.987988 2.521385 
over 1.060048 1.323049 0.947876 2.364937 1.446660 1.168430 2.482130 0.993868 0.936503 2.386866 
lifetime -0.181035 -0.030588 0.817007 0.732979 -0.690098 0.852403 0.807540 0.060045 1.409540 1.120980 
detailed 0.520655 0.011905 0.311470 0.650013 0.950297 0.397457 -0.349591 1.771951 0.881918 1.330399 
discussion 0.438056 -0.038693 0.294392 1.049992 0.881253 0.359726 -0.424859 2.015500 0.870203 1.123859 
see 2.208115 1.661813 0.967715 1.772018 2.032932 1.266284 0.432192 2.286851 1.315988 1.834583 
here -0.203102 1.271251 0.102162 2.174160 1.134505 0.274045 -0.421264 1.501423 0.507432 1.831180 
max 0.585999 1.004100 0.236515 -0.315389 0.567218 1.185813 -0.278478 -0.464495 0.252479 0.796655 
stirner 0.077829 0.158960 0.359660 0.082967 0.236664 0.188519 0.201755 0.056915 0.208248 0.010492 
egoism 0.099040 0.059687 0.573611 0.199060 0.569081 -0.393366 0.283573 0.468213 0.207739 -0.009100 
ego -0.161766 0.137856 0.949995 0.075820 0.431899 0.367223 0.376457 0.238299 0.529343 -0.236175 
own 0.463927 0.791780 2.139408 2.155785 1.177659 0.299981 0.885260 1.077879 1.909757 1.901546 
argued 0.636806 0.489447 1.484038 1.504504 0.302161 -0.684708 -0.145360 -0.086458 0.829267 1.327133 
accepted 0.946782 0.913551 1.169862 2.152425 0.514873 -0.633700 0.010384 0.659935 0.847450 1.279628 
notion -0.023697 0.560089 1.174020 0.975454 0.929680 -0.491067 0.021429 0.857150 0.622269 0.314925 
right 0.002454 2.027664 1.625172 2.291068 2.178679 0.768149 0.511467 0.255558 0.192214 0.788321 
natural 2.019858 0.810973 0.848294 0.580371 2.231706 0.000450 1.246957 1.389097 0.241419 1.729718 
general 2.289879 0.587049 2.080488 1.614896 2.273772 1.205044 -0.048655 0.406317 1.003604 1.783242 
very 0.281291 1.713927 0.973685 1.686827 0.905793 -0.354501 2.075562 1.722844 1.502539 2.603124 
mere -0.054998 0.650935 0.732005 0.682873 0.674077 0.048962 0.485635 0.563672 0.415614 0.373833 
illusions 0.239078 0.093897 0.372556 0.149493 0.212899 0.205302 0.294214 0.165790 0.234613 -0.161511 
ghosts 0.505602 0.302388 0.454796 0.354441 0.447708 -0.103975 0.239949 0.303000 0.277163 0.177407 
mind 0.191062 0.512449 1.829788 1.213226 1.632532 0.279490 -0.025489 1.004708 0.965784 0.849809 
saying -1.040012 1.230920 1.337939 1.753635 0.742948 0.113456 -0.330884 -0.149810 0.520341 0.931009 
reality -0.263900 0.612304 0.992162 0.834481 1.046302 -0.151988 -0.136895 1.360093 0.828191 0.936684 
advocated 0.528061 0.276902 1.181661 0.627187 0.195428 -0.049719 0.195393 0.138347 0.874146 0.330464 
form 1.103962 2.365510 1.065934 1.519516 1.930355 -0.237527 0.850859 1.843499 0.792820 1.491241 
amoralism -0.034694 0.041653 0.032057 0.059872 -0.068647 0.041130 -0.016840 -0.020937 0.037890 0.059428 
unite -0.102029 0.117713 0.863255 0.402451 0.173577 0.104921 0.860289 -0.138947 0.423449 -0.041030 
associations 1.168463 -0.230279 0.181132 0.171961 0.303481 -0.138894 0.653234 0.907536 0.402588 0.361622 
egoists 0.078894 0.070583 0.045411 0.164928 0.153278 -0.063407 0.037444 0.100026 0.056404 0.114068 
only 0.907397 1.719716 1.451940 2.509272 1.875277 0.782103 1.758926 1.313755 1.237420 2.439411 
when 0.404973 2.187445 2.254743 2.192080 1.473781 1.430563 2.299896 0.578212 1.747129 2.335484 
do 0.063176 1.186039 1.459278 2.655130 1.711669 -0.810496 0.188188 0.394680 0.615800 2.807427 
him -0.480202 1.186152 2.957322 2.609688 0.479230 1.095499 1.024538 -0.390450 2.273258 1.933531 
simply -0.209021 1.669104 0.988836 1.532216 1.133249 -0.608326 0.298856 0.881750 0.595759 1.541908 
comes -0.140117 1.996644 0.305556 1.609633 0.254021 0.124924 0.275278 1.272542 0.977802 0.827682 
through 0.783578 1.242390 1.546089 1.783350 1.432262 1.025089 2.401399 1.595378 1.416613 1.347057 
whoever -0.450347 0.274826 0.708645 0.464452 0.396270 -0.131400 0.425367 0.093223 0.240736 0.249118 
knows -0.956500 0.637992 1.166631 1.252011 0.679785 -0.050119 0.100398 -0.079924 0.349436 0.722727 
take -0.397289 0.738043 1.569724 2.073964 1.138031 0.357103 1.523482 0.490047 0.920976 1.901621 
defend 0.137044 0.118872 1.492779 1.229216 0.151851 -0.326762 1.072310 -0.507489 0.623247 0.421492 
thing -1.078914 1.193826 0.912676 1.346510 1.165341 0.007751 -0.148197 0.312352 0.251011 1.507863 
belongs 0.268580 0.661449 0.781612 0.966924 0.692436 -0.289433 0.191544 0.501109 0.306857 0.263638 
i -0.047921 2.897306 1.597725 2.733520 1.866671 1.674045 -0.104011 -0.309001 0.823541 2.276979 
my -1.526701 1.422557 1.374789 1.875536 0.951156 1.234940 -0.284371 -0.174759 0.980361 1.831117 
power 1.465648 0.588078 1.840082 1.193084 2.074405 0.925448 2.518399 0.229634 0.498011 1.566202 
long 0.370048 1.854378 0.400732 1.873215 0.706786 0.840861 2.074625 1.191451 0.937590 1.936829 
assert -0.020974 0.140319 1.119637 0.976429 0.250038 -0.838068 0.602773 0.044572 0.482471 0.405027 
myself -0.709794 1.065116 0.843628 0.912121 0.910520 0.288703 -0.204495 -0.556547 -0.015965 0.615298 
holder 0.309657 0.261209 1.059542 0.282118 0.858793 0.229671 0.104637 0.357107 0.357491 -0.048013 
proprietor -0.002500 0.032161 0.175532 0.104778 0.159526 0.040500 0.168555 0.241714 0.161064 -0.098510 
never -0.332391 1.256755 1.482176 2.318561 0.473782 0.185310 0.765563 0.047971 1.321040 2.253515 
himself -0.101976 1.475770 1.969023 1.969722 0.131716 0.554357 0.235093 -0.224995 1.799188 1.545719 
egoist 0.051193 0.091650 0.136497 0.186676 0.138473 -0.015843 0.160409 0.113460 0.046368 0.164281 
nevertheless 0.357104 0.482431 0.701676 1.453441 0.050745 -0.350054 0.618449 0.323298 0.699430 1.128555 
individualistically 0.052300 0.080911 0.013527 0.077330 0.028050 0.043827 0.078580 -0.001026 0.013472 0.089521 
inclined -0.084352 0.119921 0.712546 0.482685 0.355312 -0.243552 0.851831 0.106395 0.194313 0.297402 
thought 0.705957 1.051563 1.363384 1.897990 0.576635 -0.406152 0.238840 1.113507 1.411444 1.522796 
diverse 0.907518 0.359542 0.013398 0.643721 0.081163 -0.633208 0.906520 1.432258 0.653561 0.607084 
individualist 0.918896 0.243477 0.267571 -0.218053 0.106577 0.090296 0.125554 0.557684 0.543586 -0.456422 
benjamin 1.066436 0.744265 0.791276 -0.063821 0.537090 1.598196 -0.248337 -0.974414 0.462192 0.382723 
tucker 0.739568 0.226085 0.440074 -0.393564 0.468266 0.969973 0.173705 -0.418565 0.141838 -0.177613 
two 2.798438 2.377258 0.788192 1.450596 2.481446 4.229139 2.050253 0.979495 1.253383 3.632320 
five 2.827667 2.479274 0.472133 1.520781 1.857855 4.088482 1.925868 0.190487 1.105270 3.627421 
josiah 0.515263 0.451685 0.308736 0.145029 0.118346 1.032839 -0.003742 -0.290169 0.383956 -0.019113 
warren 0.751320 0.402145 0.495605 -0.105676 0.505891 1.119738 -0.128990 -0.442622 0.190759 0.249667 
participated 0.560132 0.185064 0.548175 0.559658 -0.136714 0.534170 0.786816 0.014810 0.751129 0.482706 
communitarian 0.072720 0.084569 0.112040 0.067275 0.110363 -0.048469 0.125853 0.038498 0.076737 0.123443 
experiment -0.244623 0.588569 1.131558 0.167865 0.776573 0.372260 0.340818 0.442472 0.796127 0.853678 
headed 0.775070 0.401995 1.361118 1.044366 1.039260 0.814483 0.253365 -0.252381 0.166812 -0.246849 
robert 1.086197 1.470209 0.672781 0.610118 0.513658 1.954211 -1.626904 -0.637288 0.998854 1.593012 
owen 0.494816 0.561940 0.349650 -0.142749 0.180000 1.137734 0.051296 -0.570266 0.323238 0.277434 
new 1.734986 1.018364 1.330128 2.335738 1.266425 2.579477 1.210368 2.082380 2.183365 1.540853 
harmony 0.448387 0.548007 0.457196 0.117270 0.386808 0.256491 0.560759 0.584522 0.566647 0.159578 
failed 0.159480 0.216991 1.482579 1.124750 0.329999 0.450380 1.393819 -0.487678 0.855385 1.419767 
few 0.430109 1.137972 -0.009580 2.327261 -0.052540 0.042766 1.749360 1.007892 1.025895 2.555208 
years 0.756034 0.772013 0.438671 2.531964 -0.035001 1.719113 2.080952 0.128112 1.380131 3.146664 
amidst 0.135036 0.113627 0.363964 0.103195 0.256848 0.316596 0.314363 0.242035 0.252691 0.000352 
much 0.412710 1.281681 1.028571 2.214939 0.871853 -0.110884 1.986964 1.474194 1.369938 2.446114 
internal 1.379778 -0.099777 1.137228 0.220799 1.443435 -0.060374 1.337023 0.846699 0.358614 1.024929 
conflict 1.749029 0.641569 1.110208 1.307956 0.092767 -0.052246 1.854654 0.019935 0.696409 0.442077 
blamed -0.025942 -0.154964 0.989128 0.368381 0.006691 0.022391 0.532910 0.433694 0.921945 0.410939 
community 1.725826 -0.258694 0.641969 1.943146 0.742613 0.573494 0.303731 2.263432 1.354494 0.732825 
failure -0.101651 0.161441 1.347320 0.450139 0.498739 0.206103 1.506269 0.160054 0.857531 0.871692 
lack 0.516670 -0.167358 1.685077 0.848413 0.908099 -0.750599 1.282509 0.900989 1.074346 1.072316 
proceeded -0.049905 0.124091 1.018813 0.438534 0.038622 0.309961 0.847860 -0.237191 0.644613 0.187604 
organise 0.054701 0.037537 0.561840 -0.005401 0.226912 -0.106057 0.423450 0.149732 0.249045 -0.092771 
experimenal 0.067615 0.085807 0.086097 0.069926 -0.009045 0.068575 0.064193 0.041037 0.015002 0.124178 
communities 1.619315 0.406436 -0.167191 1.622379 -0.316184 -0.772142 0.921753 1.234430 0.635228 0.792905 
respected 0.253888 0.262475 0.864145 0.564062 -0.140445 -0.136687 0.330445 0.576437 1.117867 0.544085 
utopia 0.189711 0.177904 0.337570 0.018375 0.274022 0.461279 0.100745 0.430877 0.330367 -0.057473 
times 0.227966 1.438855 -0.323186 2.613879 0.478332 1.387136 0.696833 1.216276 0.813604 2.069180 
wrote -0.110834 1.388247 0.930693 1.419560 -0.031992 1.056518 -1.194893 0.667984 2.005945 2.154900 
peaceful 0.344498 0.124268 1.029940 0.297166 0.394135 0.023737 0.715987 0.181440 0.617143 0.292439 
revolutionist 0.007738 0.048167 0.073553 0.079964 0.114495 0.103828 0.028875 0.053651 -0.006496 0.057243 
noted 0.402915 0.863366 0.907267 1.371184 0.461464 -0.301970 -0.149877 0.528038 0.869972 1.471249 
periodical 0.151578 0.200544 0.348449 0.017333 0.232115 0.503693 0.136996 0.298802 0.402566 -0.067135 
ever -0.381308 0.556040 0.633529 1.937129 0.142707 0.666414 0.743717 0.660842 1.297530 2.353954 
says -0.605999 1.113305 0.948361 1.802463 0.821390 0.429785 -0.543026 -0.032894 0.445190 1.256654 
expound 0.061437 -0.013646 0.122436 0.080113 0.102930 -0.007910 0.251171 0.116569 0.164576 0.085363 
formulate -0.005088 0.059240 0.750197 0.139574 0.206063 -0.135302 0.384326 0.125295 0.467133 0.128673 
doctrine 0.976930 0.749979 1.344991 1.794384 0.685589 0.056730 -0.432838 0.423020 0.576707 -0.355440 
now 1.078779 1.346698 0.724140 2.605124 1.042935 0.846292 0.839391 1.636969 1.166889 1.674251 
liberty 0.764911 0.160208 1.357261 0.340840 1.137674 0.405489 0.159209 0.223256 0.496864 0.247180 
xiv 0.977718 0.913634 0.461877 0.801485 0.119354 1.639982 -0.402425 -0.815652 0.382440 -0.211753 
december 0.925342 0.338361 -0.141350 1.849426 0.325956 2.728090 0.916001 -0.416625 0.320489 1.970450 
became 1.563879 1.277268 1.674841 2.533667 0.329175 1.371195 0.948521 0.685356 2.020920 1.410702 
interested 0.262208 0.300762 0.984789 1.069874 -0.258217 -0.399918 0.357361 0.328928 1.110787 0.833052 
meeting 0.455263 -0.008063 0.974294 1.571123 0.483110 1.348237 1.054234 0.180411 0.614452 0.755119 
b 2.732444 3.674688 0.938159 0.162409 2.113268 2.111777 -0.480864 -0.781297 0.475050 2.554349 
greene 0.639203 0.387092 0.159374 -0.147096 0.260429 0.889483 -0.001329 -0.416691 0.161896 0.362293 
edited 0.388204 0.963470 0.398163 0.169649 0.522050 0.957434 -0.673090 0.510420 0.865302 1.503390 
august 0.894742 0.544577 -0.396262 1.395239 -0.053059 2.720316 0.834571 -0.798379 0.338168 2.017291 
april 0.810260 0.164459 -0.323226 1.607346 0.449451 2.848214 0.906756 -0.461306 0.167250 2.061920 
widely 0.832534 1.325783 0.392687 1.744599 -0.035404 -0.866571 0.142173 1.390577 1.281998 1.795649 
finest 0.287040 0.455185 0.428071 0.687746 0.152419 0.243977 0.168988 0.507144 0.752467 0.600627 
