anarchism 1.390958 0.581732 0.649449 -0.084562 0.396940 -0.360932 -0.178120 0.759890 0.605583 -0.738538 
originated 0.335476 0.949044 0.389901 1.439202 -0.091687 -0.326502 0.485544 0.910190 0.835172 0.433555 
as 2.175499 2.619517 3.320018 1.643946 2.448585 1.358337 2.184782 2.348928 2.768209 1.649223 
a 1.471174 2.676981 3.945469 1.098120 3.452293 2.590178 2.955274 3.150579 3.265611 1.057503 
term 1.132548 1.907613 1.224003 1.981558 1.328823 -0.316027 0.481939 1.570640 1.164585 1.522094 
of 3.242752 2.622621 4.047503 2.114455 3.406649 2.850471 2.991162 3.422335 2.980637 0.067099 
abuse 1.100277 -0.199661 1.384157 0.045206 0.739629 -0.494208 0.944552 0.104636 0.664029 0.832053 
first 1.199048 1.692545 1.782915 1.863481 1.282403 2.596218 1.420182 1.457622 2.435209 2.323545 
used 1.596028 2.658056 1.535191 0.769089 2.035373 -0.365130 1.652154 2.411215 1.605861 2.418131 
against 1.736459 0.921253 2.526778 1.700960 0.544188 0.521608 2.124423 -0.366427 1.632230 1.462044 
early 1.242977 1.672424 0.401207 1.782722 -0.521785 1.126002 0.905519 1.391723 2.155162 2.379180 
working 0.723584 0.604579 0.988353 1.123192 0.461019 0.442388 0.817473 0.727687 1.233651 1.725728 
class 1.321731 1.079637 0.723525 1.175089 1.455819 0.318119 0.931210 0.867168 0.272101 1.084313 
radicals 0.297751 0.201231 0.457864 0.237284 0.429081 -0.169963 0.483551 0.575801 0.308631 0.055975 
including 2.398780 0.865746 0.607786 1.533248 0.898512 0.657196 1.284382 1.761338 1.501505 2.394538 
the 2.094808 2.860771 4.099982 1.860936 3.127119 3.210263 3.519498 3.702857 3.602875 -0.353113 
diggers 0.201344 0.240285 0.043474 0.129994 0.237915 0.511040 0.176200 0.031884 0.125643 0.183692 
english 2.699081 2.985264 0.325035 1.291144 0.630533 0.811336 -0.965407 1.401959 1.516436 2.095682 
revolution 1.907839 0.822863 0.572280 0.511133 -0.673288 0.923349 1.022481 0.348555 1.746327 1.465666 
and 3.191885 2.543703 3.485772 0.930337 2.448971 2.273040 3.255311 2.666561 3.233820 1.035774 
sans 0.022988 0.237845 0.148124 0.015297 0.252469 0.360138 0.180780 -0.038958 0.023037 0.002853 
culottes 0.109017 0.109238 0.179092 0.075435 0.107832 0.089694 0.083393 0.143226 0.095051 0.004714 
french 2.955783 2.562936 0.543987 1.363867 0.379783 1.216894 -0.518771 -0.161073 0.933498 1.488686 
whilst 0.159469 0.507029 0.544022 0.889384 0.314871 0.121257 0.601814 0.315902 0.450338 0.600826 
hello -0.187544 0.412570 -0.009508 0.689729 0.453948 0.860571 0.150841 1.123321 0.433527 0.491162 
is 1.357049 3.012439 2.930493 1.905962 3.409610 1.378674 2.489957 3.366066 2.109817 1.056519 
good -0.183757 0.920516 1.256030 1.661622 1.115113 0.164539 0.513787 0.757186 1.022130 1.989353 
morning -0.726343 0.535449 0.044598 0.562709 -0.161564 1.760883 0.754598 0.584567 0.944617 0.949962 
people 2.086964 1.114982 1.033140 2.758104 0.622925 0.270716 1.208202 0.793298 1.396868 2.487226 
everyone -0.550015 0.656175 1.039816 1.165898 0.800168 -0.173363 0.354142 0.166194 0.361737 0.852664 
